EX5-③ 実行例

〇実行前
0～99まで、長いので省略

〇実行後
+---------------+
| serial_number |
+---------------+
|             2 |
|             3 |
|             5 |
|             7 |
|            11 |
|            13 |
|            17 |
|            19 |
|            23 |
|            29 |
|            31 |
|            37 |
|            41 |
|            43 |
|            47 |
|            53 |
|            59 |
|            61 |
|            67 |
|            71 |
|            73 |
|            79 |
|            83 |
|            89 |
|            97 |
+---------------+